10 3
3 4 2 1 3 4 5 2 2 3

1000
499211613 581869303
890346735 586334586
545404205 161255392
922919430 949333986
715962299 323567404
418932836 350294566
196140741 809094427
348838240 264392721
112460520 279768805
144164698 156218107
676943010 117454610
168664244 213834040
111000747 471852627
84672537 427838554
437178461 275731772
609397213 20544910
811450930 483031419
933054127 747762696
402504554 772830894
120988588 163214729
816384845 427077307
153380496 551745921
646982598 910208077
11470446 926416935
915145308 712568903
254469059 181055694
191729661 39073007
684602223 812852787
815256117 746745228
735241235 296707007
32444840 424291162
136721027 359573809
189375153 747053251
198304613 640439653
417177802 269491674
536724426 530047643
984266210 537655880
361931892 280281327
81172610 107063881
147944789 850164009
884392679 540721924
638781100 902841101
287869587 219972874
415357583 156513984
802611721 755486970
103522060 967048445
913778155 94092596
775893248 410096537
46698743 955127112
241354601 468319345
185518682 31277330
919300779 12105076
813624503 52449901
698412072 765791249
511091142 958646068
140457297 323948759
122068898 464257529
461945557 765644425
513705833 471087300
961264979 76338301
226667455 527224676
95625158 525484324
173068964 37587210
2511656 772389186
826400343 817480336
120125282 495189931
350272821 678852157
595387439 271610652
641212875 988512771
105989509 477783406
610853095 245667947
92133643 427854501
497326704 287767371
45931780 58150107
991156886 933029416
503168826 897101789
844370146 644141419
78396939 101769246
645891718 345340192
32760104 241106804
510366104 290319952
568381792 408475659
513690135 553373353
361044916 147346560
939316794 986002499
227669234 919803769
252150225 685003585
237241797 411870850
634002468 893645501
438775380 265043168
325791710 736062367
231714001 515103007
279758134 546159171
346497777 530490811
11545319 144499010
557942924 663307953
443079013 696117850
16017443 663423247
51119002 122246756
447930742 668894616
696567688 983551423
411426126 873110679
336658414 705174601
270032534 664425969
711455904 513451234
585492745 27039029
129453059 461232482
809248325 275654013
960153731 75629129
213286616 245057189
935061436 94495854
360010078 919490484
983448592 171099549
922754099 397746051
654458601 161184685
546856899 986311592
312163143 347594601
278366026 922360369
335761340 669839045
901288697 595154465
458070174 141230977
131320787 208748425
19903849 147391739
328215104 196191787
510290617 559873972
731015358 918514862
362649215 487061101
717053388 675955721
116134898 193529269
436267941 835191640
852908273 220971954
911201641 571213605
781027020 219206495
133024904 409547356
625085181 214072540
584409986 445042529
733581612 333104905
489812254 694595214
361631597 34763087
622576119 921810673
663740745 293225237
671706446 884059697
507329020 857065949
204390004 592711183
725752376 642107461
326274449 274574485
30432042 173822101
529650789 86437637
789877946 167974915
30588246 533061366
792148407 216468705
213264132 536714076
877136174 296338418
57830104 205919138
108245234 64497348
101324081 336703165
450493810 812754709
865701846 476779562
585902853 142887413
477612193 699530445
351157090 768249320
673915578 903239650
38056165 171465373
734789441 115022237
414269056 959581347
566820985 105828893
46076450 101450562
106566572 800184124
470502099 253453344
256751189 869365988
8372036 374606709
516804539 228288552
527001548 385173099
66157276 739381799
184785809 901692667
725806642 475217998
787929748 109372434
142723730 557686579
782047724 118822690
936702582 625646964
349385294 85804938
272688180 236112996
198431245 677635415
811555597 486972197
949678044 342211553
788174405 656614078
582629286 477167036
687011246 503701454
351051325 874557776
348432515 629591496
991682352 969229193
331660585 304012078
90754126 910846837
871998371 98597105
918921593 246092888
315760975 464122394
184028059 690455543
193747148 737423699
511684279 549884963
413774920 938991455
767325311 335626852
626114942 601913201
485711543 858447441
288468477 75602214
506361432 252489876
32981008 31118353
762145732 70955370
362903503 669089456
673510138 348740334
521337795 47144930
892246358 319875071
293843164 79245770
22600353 866257398
989939127 835351313
626278637 805332946
836506265 895040350
970326680 634920764
733185482 28655249
977810702 434484236
871311610 31584215
336174159 385787520
965885376 768323463
847726661 718987738
793780051 509902581
886434165 120956803
207987248 523159184
884932180 922324287
477253417 37922813
108379445 697195678
755438380 574393399
555059184 930828629
126190881 180621094
589191338 424652761
54648513 719646638
952394947 570038181
504304986 395707759
274213164 816553214
369142371 804702101
821782345 358274236
181234725 486158241
367287523 267199122
127352640 779850008
440331598 276765485
125500150 142120514
989398168 48565861
136747195 432668527
98559577 478877151
484746209 209580220
19125186 160278735
970740714 918146922
136433785 602441846
348512687 973030510
238261366 815637920
994690314 724736367
99799817 775069743
680317668 730798473
916864944 284417768
698724920 733611687
578128412 651006054
243350376 303874297
162087184 796616232
801767646 119825425
922537060 77594040
419583693 503306161
423966006 293613219
124728191 407880682
440346681 554334955
919409324 253962020
586491244 638308239
97648542 991125520
458538715 155963570
807866456 6862946
122460898 53853751
346001679 230879977
71060894 423909158
881450263 652511031
826483010 526211010
435219367 92251624
1090499 281084413
849586750 207008401
131172353 820973076
195774606 962673850
147580011 90677337
61249894 724513376
885752425 135918140
619357289 12575715
652856936 29480459
691276590 623865076
459550739 97670127
477000058 209844714
785646025 52349662
30500158 430246619
807539762 157629977
123154543 560049332
104110450 332109868
721241592 136042860
203401396 998151923
60999433 207929140
149509273 385268512
23309183 366796639
256061061 90836237
929047009 296609404
182240338 744374620
306855913 14087817
240468996 865233170
415452310 244206524
513921307 281425420
511338032 995954023
102854414 26765332
643667198 837979908
832983006 813414172
227348308 20325888
178893913 610818242
787397225 762441381
437393658 30369079
949046313 876612562
857107383 49344865
544695776 172907343
358500116 895295220
571965126 328582065
744698408 66193992
679065088 650874933
570748806 812110432
450423806 705023875
259721747 192558046
714799046 685508437
262914446 903852863
790140071 651193483
821191753 776610415
697125036 212010033
254062057 541766211
853927672 543286709
66516687 505195915
226521520 260092912
717982877 739240370
456195733 116515162
599487649 838913497
850912043 712172414
103192412 877020154
458113120 646869272
87221704 771198400
952796002 685641892
226245967 65518355
169076410 715963612
155859115 174181652
816065126 422210779
353087595 569974908
49024521 563593556
794197250 434290378
222178192 381045133
294739154 333544227
11196240 518183213
861903571 168787444
315530532 42490150
998340366 534153127
862715605 796613231
765073074 342937226
549817637 786981821
291017602 895722554
734959363 175258829
140019478 268621173
410334777 565052605
787587806 386344801
874086068 35710271
817904651 960697290
584484510 724312019
978802820 275314727
216102887 138332913
671754167 442240993
674442466 85868017
769242612 3628379
616076848 743729559
820011033 559719035
839332600 121982281
70268990 769147734
518022935 37227900
531915368 8310589
971468688 52976099
651926579 78218927
503907442 209763058
81499041 812016371
247433165 335294965
650385172 30527827
139372810 279827825
540669096 285341456
220507155 863048232
136394664 319584206
476940507 875141231
508558663 896001867
462864389 609807694
892563869 642514038
778083991 403162577
512254869 403323270
119818230 831288054
552740644 520136410
96690858 210381253
826474873 306977353
343117403 112059493
693571695 96734380
767794922 843084588
816280217 695342629
404711916 334843685
570639554 186538212
22604265 214805181
989079530 725165356
5995437 310011851
742468707 720274647
144327377 271696820
295519963 272030377
372670421 397272559
280044720 710639435
810822905 271368266
750711133 216408540
521792519 111505867
85328192 54735513
160317206 427385633
282061756 215251669
396490079 933318720
453673970 926038257
624047459 338625411
344930155 971116346
818716443 998517929
390083049 291563132
144486354 296954267
659950562 263631667
206908602 125491021
890151285 76080515
264060847 561805192
964622706 405620013
759692387 517035387
225016849 165419082
52828295 248204934
738939734 151808776
113264138 113447492
33828853 785686387
903923176 38900011
241522881 238119114
885394102 636011023
985605704 107193354
292026697 884689975
94315384 16714706
962244586 943968051
868319719 304919604
626636695 393461292
479454800 971639319
352306400 928233567
900529136 190901099
28842069 990556578
586302533 57504669
661169606 228191764
934152428 814119473
4943755 171095775
986204007 14406506
822565280 12890079
979620725 917376193
307810836 170173372
385005884 308519770
370429607 923886312
24463564 63369788
153599762 463680786
755374879 88947963
99927143 750207401
33606873 926120767
655932558 320365046
465119025 105365455
608716820 218456092
823539592 331574955
171519130 246671800
43031087 425831589
940307547 443545750
155610705 681098066
287797559 63959366
810297005 800799807
234795258 547289015
391329365 370300180
474800444 972311926
935022756 924395680
347599540 212318275
828491431 865565526
767860662 78993079
781496514 13741233
916354757 35752472
730683120 340599927
59491908 111492531
897368672 524912703
46341698 790787160
14602605 409764840
512802979 477082228
608350571 533747001
933326658 182933328
970210994 290203138
843031054 844558051
308351090 41943369
504174921 295229953
843309587 884572474
787387522 861566287
616058185 48071793
577350514 297480283
101405688 473439255
634793793 341017985
500741118 263797065
322457778 155622525
736368258 681071477
137217260 527337251
366117745 207345340
512022532 628630049
36536847 932603286
772624173 144438052
59278873 58844154
745845438 220526356
339537871 263741375
780181640 830046990
335972293 514360420
96871670 843103548
244100244 573704536
267928844 91363371
939208985 295829277
454400121 702127847
471147024 957060851
273122869 428866211
737657855 600299129
925746978 380738124
571168524 519113683
279227475 911322180
696794429 109856537
315630518 759453959
6575574 262077009
177890151 533579173
824755460 314795870
596460133 215683941
990441122 634236924
402953932 584672587
256594730 577088290
277811100 217436775
698567317 190005168
82429186 618893460
689882189 734303934
883774801 324263299
183678635 139054155
233608350 636817030
493414556 159722768
644233310 643671790
517246254 845974521
125905548 85649602
190928873 141978181
242413681 948731628
42755181 508509301
900103463 344606969
954061671 745707121
542873416 3492035
162556542 470584808
695255694 390285738
935248786 52698115
23860704 163389900
899687291 862238470
84085277 656982820
421023771 179985760
822395412 722008141
160802627 767294976
846339631 318440920
529265601 125900494
846498372 375757998
812947228 995784282
680118163 792592106
303321147 780428252
704206567 879390425
472541630 25656480
243031425 978825285
620901528 512940889
927794182 452523306
394773139 253391569
77229252 987808227
406882832 429828259
883058505 960876801
883965825 129270662
579857812 973235695
302203861 969586612
718348499 763448735
702177984 854328633
251468519 22446020
209431909 414211769
797958051 597530802
525552690 636981786
664656279 745678889
858404278 276042327
747857699 746176764
215666566 887716831
545855490 121927035
392865383 357130403
368051232 277909716
293787950 358670927
386335224 163867152
479772540 816735137
585372042 124539535
914789462 942376490
126769105 975800426
814799999 893249500
126033826 760007659
633972489 806727296
236112177 414407705
653783115 391030846
407584836 731546726
992639692 106232034
992162824 567584454
503068147 51529904
502104365 610035712
775335973 667618168
247343050 301421153
2243585 144192007
717030439 757884510
630952943 363490446
251803752 904267861
266368668 75111295
59537252 227434504
441761729 86217717
978577974 735792427
139298719 404370446
869131991 176442000
468151140 864851520
630012661 234610116
172435897 439750921
516795166 517212417
59716706 134575209
862235860 538210760
358555952 442940990
688476820 794989883
838735246 872585782
134260358 105064120
825751230 135488311
218960222 360877466
302954755 575700989
497293658 388927110
987074241 414604989
491469148 980520028
72941164 711077679
519087923 171381825
705314334 513057425
80037687 774744636
628627515 556341779
899387996 615372984
372073253 237968745
705328517 643402538
137400383 941599747
640174031 83120894
556545398 289682034
212740832 949213044
102687077 767525427
826825826 191165776
528640653 77394319
882590736 163125264
629276742 807552502
812058806 945204394
183190694 947275638
728154304 993281048
210608923 272525032
313255114 870858000
985702526 194565036
143686961 451916007
301248019 558711358
912047124 251516194
532285071 114187492
106068514 597063680
663599169 709549132
753489628 658005358
160905343 737028909
895334720 69027352
426568776 507089619
750118358 653041144
791125728 716827396
884658095 85360312
71341755 590238452
352493134 83973781
454018537 274798276
610061981 854116039
714942168 757252281
666997072 593252772
464064685 723272093
223672859 486201859
999479493 655297947
129578083 698731658
169005769 702847709
272320272 120106604
695564070 932873872
13239443 423242331
227958559 934266542
689114117 2816340
373950166 217483676
204939217 132445401
762796739 162414256
711928855 819853428
575230349 926867968
132669603 221159233
33582913 252108314
294099694 809928528
269308131 480686232
429950455 360727791
6042569 797144725
783990951 757106006
108354210 865723627
617249861 109520213
401026516 285359528
668331348 905102118
494129764 348216554
915669885 414811768
232956813 587333053
760671070 422476799
846738948 757998239
420899729 398188340
858968608 256042461
507472721 232254611
245222672 75136025
319205465 119746089
36187192 887480240
292783818 737542163
236303523 289379018
780360737 610718606
996472340 644617198
281170668 566409335
514159616 612510354
430448255 811185799
765006469 732165768
544620191 282260205
243544800 292191786
241481910 694649591
442460356 427073090
754492745 184820093
897419113 678705336
887604946 776070981
900783034 431582006
12055596 852695798
917579168 406433073
446726309 84867034
202096018 565067594
162244646 388787812
413176430 89423645
791107633 200634141
565003220 483173662
288219556 516166337
576053617 361342998
913116637 336073389
843745246 589908915
306887507 822428141
41471862 47350215
230873350 684806061
897181776 894132290
57050903 240348944
853407496 44803005
844640505 739986314
401023307 667408853
320130764 973251788
958752749 782783512
436666732 83547083
275166305 94116721
426327862 538655629
277094854 242713551
266482192 743531762
280948102 273335606
199077171 995269918
170797335 71342219
270299294 370531853
710424998 162130832
386081724 572675807
347301456 62850064
338222669 973274792
887524098 880712622
292533077 732854884
468813771 468745824
546822022 850369517
452118654 833005066
262604655 161523327
205391755 758572096
44395427 843630983
208079732 445477276
868677915 426717538
591875244 51602712
259592888 810102395
134078221 33606525
37630582 947578498
355988887 593461473
236851706 646026811
974402226 350613493
390878750 126029174
703043828 801306370
264529893 709343736
350828390 193733635
449911678 41642863
610764216 6405055
183661915 696457266
450169464 867572083
549276403 316035839
360256791 613301819
84044431 346024090
824563932 144873192
431508286 651463045
153970917 567962110
220468774 549571973
313039993 72303167
380222552 161023966
428890855 550663884
50189101 203427052
936536014 121879937
567291981 959491495
104078242 931645972
473964591 927186296
504627955 886471107
751862513 905695312
412246297 602455956
808101280 910058067
217495122 84815290
504763617 770515789
178414638 45433915
8573897 169182347
156618605 816382063
168688897 596074776
723437260 400803336
370374483 892345382
573833308 422498542
585696787 995703620
942174910 927503845
568139774 340754485
390292335 346761086
579057250 740755248
884882917 891164654
372229990 365212538
315430933 229872006
883365324 202570991
667613978 713352032
369870729 944817853
983346722 308899442
757113983 494900869
80827336 624427104
652171564 666757626
358372253 25827968
432100883 42605298
263005309 852004784
19509361 689563163
280078982 844049519
392984061 587407156
740816472 348953484
450311224 331586084
482255965 251638868
369092148 183178496
252284968 670206903
592156383 956400144
142163821 968164510
857508916 223187602
983937973 363499220
256011604 407877716
858184656 223762809
815342625 623728344
471394360 338922153
10468019 494235405
805138024 263304221
143229407 294371570
426654862 673268052
94242241 878198507
302650597 553215324
700836025 644918482
172263172 566289617
159921531 242701101
891779621 772910691
844965308 222652690
940205227 252887616
619316587 863214945
255135221 319400462
356399793 136420083
318816271 348965493
991156920 98723030
538297621 550174062
558996198 153977075
396650286 336629529
33587923 151050342
817240965 598635541
815665371 334635543
104928584 368059280
281526557 49214435
467369482 892587658
713415927 210292262
543312794 219660616
576828306 579949229
423458408 506340087
610002370 571074779
722633827 71222138
842882707 9087693
363565259 457448718
359052210 454830479
934427298 373198224
78216525 881146726
835072522 223843981
20320738 47751095
386876296 151140834
792136559 664204417
910665525 82855446
332202003 663329917
924742865 210357810
35318722 703582173
395685359 527486802
346167234 945460736
713838879 569385805
673605346 550969221
243147365 309000765
731999943 921900020
107209282 720619515
704240104 81125991
317805115 678640076
938170219 613685475
728244725 385237272
221245046 133258247
727367041 154857386
665765721 518841064
663013273 419053997
637865179 969548485
692065126 599473884
256068102 435175332
741393792 658647269
506574631 151733450
944353449 249681633
263358767 368483369
279035520 464850891
575231218 754206805
566200849 238034273
440151199 208701948
285161673 403832725
943870152 745258240
815249256 392971119
544497360 177624681
397962696 169967635
189208042 957569272
822504028 446464091
844069059 917044075
536324406 142347707
104943298 516241069
246336193 230215671
363740513 987712841
807577756 564077994
110008492 449624895
18933477 284119632
966606847 770310835
32846870 240023393
280916674 173260789
261286274 738911635
181059221 272149256
194117095 295733217
454924714 932109540
927279747 29061726
989689037 420837133
911234018 608529502
423134780 592387171
537225434 132705036
751661098 414330163
702527399 836854973
860393335 273776581
841373098 897191803
218600622 449503321
18083451 426281554
659665657 685861556
95066913 859028255
323079438 128578932
919434879 985959121
157036962 907467961
475504087 758801207
215293591 462673226
516199314 101618133
255051834 480276183
399444776 540169927
346982493 248385476
713179790 407905590
782812515 112519954
776262768 341647153
96877716 299066251
88200512 74481228
967156569 579473511
807619626 850609489
5544770 188251220
702280285 592713720
956082586 92611495
413029631 926299538
479889189 40891654
889938489 874351211
106442577 903244242
229585167 416701999
982127965 508122209
275681457 157531184
295655145 421430990
882791437 491165735
71814347 314520195
757630250 706643075
799798709 833725167
678310353 702234088
505295055 450032843
363342288 850921604
498421665 939309821
389044950 718335003
660445558 78993495
171692746 17549236
730144889 676319387
84060396 294716374
906811546 859270624
257778879 697422982
722662434 949147604



4 4 

10
+ jonathan
+ jojonathan
+ jojo
+ joji
? joj
? j
- jojo
? jo
- joj
? joj



5
-3 -4 -3 5 -2



4
1 1
3 3
5 2
5 7

1
1 1






